0.010818984596525442
0.0016872540029965633
8.134974657304859E-4
5.217726664728867E-4
3.7537856915406735E-4
2.927881946376389E-4
2.3820056512892658E-4
2.0204512220757165E-4
1.7652363308661524E-4
1.5348339985241848E-4
1.3505121326506104E-4
1.226449338312628E-4
1.1094758465082444E-4
1.0137702623046577E-4
9.464218882354672E-5
8.932521192334747E-5
8.365376989646827E-5
7.514660685614945E-5
6.91206997025903E-5
6.451265305575095E-5
6.096800178895144E-5
5.742335052215194E-5
5.352423412867249E-5
5.0688513115232886E-5
4.7143861848433385E-5
4.6080466468393533E-5
4.3599210581633884E-5
3.970009418815443E-5
3.757330342807473E-5
3.509204754131508E-5
3.4737582414635125E-5
3.331972190791533E-5
3.190186140119552E-5
3.1192931147835624E-5
3.048400089447572E-5
2.906614038775592E-5
2.693934962767622E-5
2.693934962767622E-5
2.587595424763637E-5
2.410362861423662E-5
2.3394698360876716E-5
2.2331302980836868E-5
2.1267907600797016E-5
2.0558977347437114E-5
1.9141116840717313E-5
1.7723256333997512E-5
1.7723256333997512E-5
1.6659860953957664E-5
1.595093070059776E-5
1.4887535320557911E-5
1.453307019387796E-5
1.382413994051806E-5
1.382413994051806E-5
1.276074456047821E-5
1.2406279433798259E-5
1.1697349180438358E-5
1.1342884053758409E-5
1.0633953800398508E-5
1.0279488673718557E-5
1.0279488673718557E-5
9.925023547038608E-6
9.925023547038608E-6
9.925023547038608E-6
9.570558420358656E-6
9.216093293678707E-6
8.507163040318806E-6
8.507163040318806E-6
7.798232786958906E-6
7.798232786958906E-6
7.798232786958906E-6
7.443767660278956E-6
7.443767660278956E-6
7.443767660278956E-6
7.443767660278956E-6
7.443767660278956E-6
7.443767660278956E-6
7.089302533599005E-6
6.734837406919055E-6
6.380372280239105E-6
6.025907153559155E-6
5.671442026879204E-6
5.671442026879204E-6
4.962511773519304E-6
4.962511773519304E-6
4.6080466468393535E-6
4.6080466468393535E-6
4.6080466468393535E-6
4.6080466468393535E-6
4.6080466468393535E-6
4.6080466468393535E-6
4.6080466468393535E-6
3.899116393479453E-6
3.899116393479453E-6
3.899116393479453E-6
3.899116393479453E-6
3.899116393479453E-6
3.1901861401195524E-6
3.1901861401195524E-6
3.1901861401195524E-6
2.835721013439602E-6
2.835721013439602E-6
2.835721013439602E-6
2.835721013439602E-6
2.835721013439602E-6
2.835721013439602E-6
2.835721013439602E-6
2.835721013439602E-6
2.835721013439602E-6
2.835721013439602E-6
2.835721013439602E-6
2.835721013439602E-6
2.835721013439602E-6
2.835721013439602E-6
2.835721013439602E-6
2.835721013439602E-6
2.835721013439602E-6
2.835721013439602E-6
2.835721013439602E-6
2.835721013439602E-6
2.835721013439602E-6
2.835721013439602E-6
2.835721013439602E-6
2.481255886759652E-6
2.481255886759652E-6
2.481255886759652E-6
2.481255886759652E-6
2.481255886759652E-6
2.481255886759652E-6
2.481255886759652E-6
2.481255886759652E-6
2.1267907600797016E-6
2.1267907600797016E-6
2.1267907600797016E-6
2.1267907600797016E-6
2.1267907600797016E-6
1.7723256333997514E-6
1.7723256333997514E-6
1.7723256333997514E-6
1.7723256333997514E-6
1.7723256333997514E-6
1.7723256333997514E-6
1.7723256333997514E-6
1.7723256333997514E-6
1.7723256333997514E-6
1.7723256333997514E-6
1.417860506719801E-6
1.0633953800398508E-6
1.0633953800398508E-6
1.0633953800398508E-6
1.0633953800398508E-6
1.0633953800398508E-6
1.0633953800398508E-6
1.0633953800398508E-6
1.0633953800398508E-6
1.0633953800398508E-6
1.0633953800398508E-6
1.0633953800398508E-6
1.0633953800398508E-6
1.0633953800398508E-6
1.0633953800398508E-6
1.0633953800398508E-6
1.0633953800398508E-6
1.0633953800398508E-6
1.0633953800398508E-6
1.0633953800398508E-6
1.0633953800398508E-6
1.0633953800398508E-6
1.0633953800398508E-6
1.0633953800398508E-6
1.0633953800398508E-6
1.0633953800398508E-6
1.0633953800398508E-6
1.0633953800398508E-6
1.0633953800398508E-6
1.0633953800398508E-6
1.0633953800398508E-6
1.0633953800398508E-6
1.0633953800398508E-6
1.0633953800398508E-6
1.0633953800398508E-6
1.0633953800398508E-6
1.0633953800398508E-6
1.0633953800398508E-6
1.0633953800398508E-6
1.0633953800398508E-6
1.0633953800398508E-6
7.089302533599005E-7
7.089302533599005E-7
7.089302533599005E-7
7.089302533599005E-7
7.089302533599005E-7
7.089302533599005E-7
7.089302533599005E-7
7.089302533599005E-7
7.089302533599005E-7
7.089302533599005E-7
7.089302533599005E-7
7.089302533599005E-7
7.089302533599005E-7
7.089302533599005E-7
7.089302533599005E-7
7.089302533599005E-7
7.089302533599005E-7
7.089302533599005E-7
3.5446512667995027E-7
3.5446512667995027E-7
3.5446512667995027E-7
3.5446512667995027E-7
3.5446512667995027E-7
3.5446512667995027E-7
3.5446512667995027E-7
3.5446512667995027E-7
3.5446512667995027E-7
3.5446512667995027E-7
3.5446512667995027E-7
3.5446512667995027E-7
3.5446512667995027E-7
3.5446512667995027E-7
3.5446512667995027E-7
3.5446512667995027E-7
3.5446512667995027E-7
3.5446512667995027E-7
3.5446512667995027E-7
